NC_003279.8	416652	417521	2	2	1	2	0	42
NC_003279.8	417651	417802	2	2	1	4	0	42
NC_003279.8	418098	418444	2	2	1	2	0	37
NC_003279.8	421033	421098	1	1	1	3	0	30
NC_003279.8	421222	421564	1	1	1	5	0	32
NC_003279.8	422183	422292	1	1	1	3	0	35
NC_003279.8	422494	422538	1	1	1	5	0	49
NC_003279.8	422689	422738	1	1	1	3	0	48
NC_003279.8	422894	423500	1	1	1	5	0	46
NC_003279.8	444110	444253	1	1	1	17	0	50
NC_003279.8	444377	444993	1	1	1	25	0	49
NC_003279.8	445085	446707	1	1	1	40	0	49
NC_003279.8	446783	446913	1	1	1	63	0	49
NC_003279.8	447052	450196	1	1	1	34	2	50
NC_003279.8	450307	450481	1	1	1	48	2	48
NC_003279.8	450760	451294	1	1	1	34	0	50
NC_003279.8	450760	451303	1	1	0	1	0	20
NC_003279.8	451462	455355	1	1	1	15	0	44
NC_003279.8	455492	455545	1	1	1	61	0	50
NC_003279.8	455722	456855	1	1	1	56	0	50
NC_003279.8	456995	457235	1	1	1	20	0	49
NC_003279.8	458622	459568	1	1	1	54	0	49
NC_003279.8	460063	460949	1	1	1	53	0	50
NC_003279.8	462174	462229	1	1	1	842	1	50
NC_003279.8	462319	462370	1	1	1	746	1	50
NC_003279.8	462319	462377	1	1	0	1	0	38
NC_003279.8	462872	463234	2	2	1	2	0	25
NC_003279.8	463422	464258	2	2	1	1	0	29
NC_003279.8	464525	465053	2	2	1	2	0	8
NC_003279.8	465215	465647	2	2	1	2	0	39
NC_003279.8	466125	467027	2	2	1	3	0	17
NC_003279.8	467136	479904	2	2	0	1	0	44
NC_003279.8	471290	472228	1	1	1	8	0	46
NC_003279.8	472504	473717	1	1	1	7	0	49
NC_003279.8	473787	473832	1	1	1	5	0	47
NC_003279.8	483029	483869	2	2	1	1	0	13
NC_003279.8	484310	484787	2	2	1	3	0	42
NC_003279.8	484859	484906	2	2	1	4	0	45
NC_003279.8	485003	485152	2	2	1	1	0	26
NC_003279.8	485620	486466	2	2	1	3	0	40
NC_003279.8	486850	487586	2	2	1	5	0	38
NC_003279.8	488724	488767	1	1	1	726	0	50
NC_003279.8	488834	488881	1	1	1	880	0	49
NC_003279.8	488945	489699	1	1	1	754	0	49
NC_003279.8	490203	491196	1	1	1	173	0	49
NC_003279.8	491303	491349	1	1	1	118	0	50
NC_003279.8	491560	491609	1	1	1	213	0	50
NC_003279.8	491725	491835	1	1	1	195	0	49
NC_003279.8	492161	492224	1	1	1	254	0	50
NC_003279.8	492352	492866	1	1	1	419	0	50
NC_003279.8	493557	494259	1	1	1	189	0	49
NC_003279.8	494344	494391	1	1	1	300	0	49
NC_003279.8	494707	495827	1	1	1	352	0	49
NC_003279.8	496284	496329	2	2	1	38	0	48
NC_003279.8	496465	497689	2	2	1	51	0	47
NC_003279.8	497831	498426	2	2	1	63	0	47
NC_003279.8	498568	499792	2	2	1	50	0	49
NC_003279.8	500120	501928	2	2	1	16	0	49
NC_003279.8	503213	504056	2	2	1	79	0	49
NC_003279.8	504133	504224	2	2	1	74	0	49
NC_003279.8	504133	504322	2	2	0	1	0	40
NC_003279.8	504153	504224	2	2	0	1	0	19
NC_003279.8	504279	504322	2	2	1	68	0	48
NC_003279.8	504455	505505	2	2	1	61	0	48
NC_003279.8	505606	505659	2	2	1	78	0	50
NC_003279.8	505772	505819	2	2	1	66	0	50
NC_003279.8	506050	506092	2	2	1	34	1	42
NC_003279.8	506588	506638	1	1	1	268	0	50
NC_003279.8	506746	506801	1	1	1	244	0	49
NC_003279.8	507017	507064	1	1	1	191	0	50
NC_003279.8	507226	507276	1	1	1	200	0	49
NC_003279.8	507409	507453	1	1	1	111	0	48
NC_003279.8	507706	507754	1	1	1	295	0	48
NC_003279.8	507896	507943	1	1	1	228	0	50
NC_003279.8	508049	508097	1	1	1	301	0	48
NC_003279.8	508317	508381	1	1	0	1	0	36
NC_003279.8	508332	508381	1	1	1	153	0	50
NC_003279.8	508492	508537	1	1	1	141	0	49
NC_003279.8	508758	508804	1	1	1	162	0	50
NC_003279.8	509206	509261	2	2	0	2	0	35
NC_003279.8	509215	509261	2	2	1	63	0	47
NC_003279.8	509333	509378	2	2	0	2	0	39
NC_003279.8	509424	509747	2	2	1	29	0	46
NC_003279.8	509889	510738	2	2	1	36	0	49
NC_003279.8	510936	510994	2	2	1	8	0	36
NC_003279.8	510953	510994	2	2	0	1	0	25
NC_003279.8	511754	512480	2	2	1	279	0	49
NC_003279.8	513091	513142	2	2	1	229	0	47
NC_003279.8	513726	513775	2	2	1	282	0	49
NC_003279.8	514120	514150	0	0	0	3	0	47
NC_003279.8	514209	515022	2	2	1	195	0	50
NC_003279.8	515237	516350	2	2	1	173	1	50
NC_003279.8	515237	519581	2	2	1	12	0	50
NC_003279.8	515237	519734	2	2	0	54	0	48
NC_003279.8	516457	519581	2	2	0	2	0	49
NC_003279.8	516457	519734	2	2	0	3	0	37
NC_003279.8	520409	521319	2	2	1	184	0	50
NC_003279.8	520972	521319	2	2	0	1	0	43
NC_003279.8	531092	531266	1	1	1	95	0	50
NC_003279.8	531349	531789	1	1	1	87	0	50
NC_003279.8	531894	531946	1	1	1	104	0	49
NC_003279.8	532554	532618	1	1	1	73	0	49
NC_003279.8	534570	534617	1	1	1	55	0	47
NC_003279.8	534725	534771	1	1	1	93	0	50
NC_003279.8	534971	535030	1	1	1	94	0	50
NC_003279.8	535850	535898	1	1	1	4078	0	50
NC_003279.8	536307	536355	1	1	1	4311	0	50
NC_003279.8	537244	537302	1	1	1	480	0	49
NC_003279.8	537561	537605	1	1	1	468	0	49
NC_003279.8	537836	538701	1	1	1	157	0	50
NC_003279.8	538912	539452	1	1	1	376	0	50
NC_003279.8	539728	539794	1	1	1	47	0	47
NC_003279.8	539728	539800	1	1	1	337	0	50
NC_003279.8	540009	540063	1	1	1	435	0	50
NC_003279.8	540385	540722	1	1	1	583	0	49
NC_003279.8	540984	541063	1	1	1	450	0	49
NC_003279.8	541286	541343	1	1	1	251	0	50
NC_003279.8	545748	550695	1	1	0	3	0	46
NC_003279.8	550913	551712	1	1	1	105	0	48
NC_003279.8	550917	551715	1	1	0	1	0	14
NC_003279.8	551910	552404	1	1	1	156	0	50
NC_003279.8	551910	552438	1	1	0	1	0	34
NC_003279.8	552819	553134	1	1	1	115	0	48
NC_003279.8	553586	553819	1	1	1	158	0	48
NC_003279.8	554395	555023	1	1	1	239	0	50
NC_003279.8	555098	555144	1	1	1	140	0	50
NC_003279.8	555332	555381	1	1	1	118	0	50
NC_003279.8	555766	555818	1	1	1	152	0	50
NC_003279.8	557573	558403	1	1	1	36	0	44
NC_003279.8	558544	559506	1	1	1	16	0	47
NC_003279.8	559664	559705	1	1	1	16	0	48
NC_003279.8	559868	560701	1	1	1	34	0	50
NC_003279.8	560799	561400	1	1	1	33	0	48
NC_003279.8	563120	563163	1	1	1	2	0	40
NC_003279.8	563331	563373	1	1	1	1	0	39
NC_003279.8	563458	563506	1	1	1	1	0	4
NC_003279.8	563581	564608	1	1	1	1	0	39
NC_003279.8	565545	565692	2	2	1	1	0	10
NC_003279.8	565881	566240	2	2	1	3	0	22
NC_003279.8	572522	572566	1	3	0	1	0	16
NC_003279.8	572605	572888	2	2	1	3842	1	50
NC_003279.8	572994	573639	2	2	1	4601	3	49
NC_003279.8	573855	574144	2	2	0	2	0	28
NC_003279.8	573894	574144	2	2	1	109	2	50
NC_003279.8	574074	574144	2	2	1	5757	3	49
NC_003279.8	574310	574384	1	1	0	1	0	13
NC_003279.8	574663	574929	2	2	1	2017	0	50
NC_003279.8	575400	575512	2	2	0	1	0	43
NC_003279.8	580127	585081	1	1	0	1	0	21
NC_003279.8	585230	585274	1	1	1	3	0	49
NC_003279.8	586134	587153	2	2	1	40	0	49
NC_003279.8	587279	587332	2	2	1	35	0	49
NC_003279.8	587659	588628	2	2	1	36	1	50
NC_003279.8	588758	588813	2	2	1	26	0	48
NC_003279.8	588873	588927	2	2	1	39	0	48
NC_003279.8	589059	590157	2	2	1	38	0	49
NC_003279.8	590347	591265	2	2	1	6	0	39
NC_003279.8	590347	591534	2	2	1	31	0	47
NC_003279.8	591305	591534	2	2	1	9	0	39
NC_003279.8	591608	591741	2	2	1	34	0	49
NC_003279.8	591861	591919	2	2	0	1	0	22
NC_003279.8	591861	591936	2	2	1	19	0	48
NC_003279.8	592123	592440	2	2	1	54	0	50
NC_003279.8	592517	592571	2	2	1	48	0	50
NC_003279.8	592693	593228	2	2	1	23	0	48
NC_003279.8	593494	593536	2	2	1	54	0	48
NC_003279.8	593736	595185	2	2	1	26	0	44
NC_003279.8	595959	596333	2	2	1	23	0	49
NC_003279.8	596696	597635	2	4	1	24	0	48
NC_003279.8	597826	597884	2	2	1	44	0	49
NC_003279.8	597972	598560	2	2	1	47	1	48
NC_003279.8	598660	601169	2	2	1	30	1	47
NC_003279.8	601376	601418	2	2	1	31	0	47
NC_003279.8	601543	601603	2	2	1	37	0	49
NC_003279.8	601772	603125	2	2	1	30	0	47
NC_003279.8	603282	603374	2	2	1	32	0	49
NC_003279.8	603475	603523	2	2	1	29	0	47
NC_003279.8	603587	604329	2	2	1	57	0	48
NC_003279.8	604594	604894	2	2	1	21	0	46
NC_003279.8	605140	606568	2	2	1	27	1	49
NC_003279.8	606853	607360	2	2	1	17	0	50
NC_003279.8	615002	615820	2	2	1	22	0	42
NC_003279.8	616115	623626	2	2	1	59	0	50
NC_003279.8	618358	618414	1	1	1	63	51	49
NC_003279.8	618669	618712	1	1	1	66	117	49
NC_003279.8	618913	618958	1	1	1	81	48	49
NC_003279.8	619019	619068	1	1	1	100	0	49
NC_003279.8	619188	619246	1	1	1	74	284	50
NC_003279.8	619533	619576	1	1	0	0	1	38
NC_003279.8	619690	619737	1	1	1	15	613	50
NC_003279.8	620025	620069	1	1	1	54	309	50
NC_003279.8	620467	620512	1	1	1	12	234	49
NC_003279.8	621169	621214	1	1	1	10	370	50
NC_003279.8	621793	621845	1	3	1	14	0	48
NC_003279.8	621971	622022	1	1	1	12	0	49
NC_003279.8	622220	622284	1	1	1	3	0	46
NC_003279.8	622220	624219	1	1	0	1	0	41
NC_003279.8	623717	624217	2	2	1	33	0	47
NC_003279.8	623717	624237	2	2	0	1	0	26
NC_003279.8	624376	625363	2	2	1	96	0	47
NC_003279.8	625473	625521	2	2	1	111	0	49
NC_003279.8	625630	627137	2	2	1	128	0	49
NC_003279.8	625630	629343	2	2	0	1	0	19
NC_003279.8	627364	629343	2	2	1	69	1	49
NC_003279.8	629445	647004	2	2	0	1	0	37
NC_003279.8	631286	633890	2	2	1	268	0	49
NC_003279.8	634798	636233	2	2	1	188	1	49
NC_003279.8	636351	636703	2	2	0	2	0	46
NC_003279.8	636351	647004	2	2	0	1	0	43
NC_003279.8	637011	637064	1	1	1	552	0	50
NC_003279.8	637175	637249	1	1	1	429	0	50
NC_003279.8	637338	637396	1	1	1	480	0	50
NC_003279.8	637707	637763	1	1	1	137	0	50
NC_003279.8	638249	645450	1	1	1	6	0	49
NC_003279.8	638704	647004	2	2	0	1	0	22
NC_003279.8	642997	645450	1	1	1	7	1	45
NC_003279.8	644339	645450	1	1	0	1	0	34
NC_003279.8	645568	647806	1	1	1	61	1	50
NC_003279.8	645737	645782	2	2	1	21	0	49
NC_003279.8	645985	647004	2	2	1	26	0	48
NC_003279.8	647071	647120	2	2	1	37	0	49
NC_003279.8	648075	648711	1	1	1	70	0	50
NC_003279.8	649005	649592	1	1	1	39	0	45
NC_003279.8	649749	652007	1	1	1	82	0	48
NC_003279.8	652374	653677	1	1	1	78	0	49
NC_003279.8	654228	654281	1	1	1	189	0	49
NC_003279.8	655060	656559	1	1	1	86	0	50
NC_003279.8	656747	658380	1	1	1	186	0	50
NC_003279.8	660277	661313	2	2	1	83	0	50
NC_003279.8	660277	661317	2	2	0	3	0	46
NC_003279.8	661921	662931	2	2	1	106	0	50
NC_003279.8	663015	663065	2	2	1	72	0	48
NC_003279.8	663383	663442	2	2	1	68	0	50
NC_003279.8	664501	664547	2	2	1	55	0	49
NC_003279.8	665040	665087	2	2	1	51	0	49
NC_003279.8	665178	665890	2	2	0	1	0	18
NC_003279.8	665188	665890	2	2	1	76	0	49
NC_003279.8	665360	665890	2	2	0	21	0	47
NC_003279.8	666121	666165	2	2	1	119	0	49
NC_003279.8	666283	666629	2	2	1	46	0	49
NC_003279.8	666283	666695	2	2	1	6	0	40
NC_003279.8	667877	668760	2	2	1	1	0	26
NC_003279.8	680257	680420	1	1	0	2	0	34
NC_003279.8	680557	681313	1	1	1	90	0	50
NC_003279.8	680557	682931	1	1	0	1	0	12
NC_003279.8	681431	681489	1	1	1	101	0	50
NC_003279.8	681642	682931	1	1	1	78	0	50
NC_003279.8	683090	683226	1	1	1	11	0	50
NC_003279.8	683139	683226	1	1	0	1	0	47
NC_003279.8	683154	683226	1	1	1	74	0	50
NC_003279.8	683175	683226	1	1	0	1	0	43
NC_003279.8	684065	684111	2	2	1	28	1	48
NC_003279.8	684230	685363	2	2	0	1	1	42
NC_003279.8	684230	685375	2	2	0	1	0	25
NC_003279.8	684230	685381	2	2	1	42	0	48
NC_003279.8	685485	685544	2	2	1	68	0	49
NC_003279.8	686405	686482	2	2	0	1	0	21
NC_003279.8	686410	686482	2	2	1	48	0	49
NC_003279.8	688300	688369	1	1	1	12	0	40
NC_003279.8	688599	689020	1	1	1	33	0	49
NC_003279.8	689322	690296	1	1	1	53	0	49
NC_003279.8	691061	691112	1	1	1	38	0	49
NC_003279.8	692371	692596	2	2	1	155	0	49
NC_003279.8	692685	693510	2	2	1	124	0	48
NC_003279.8	693848	694580	2	2	1	149	1	50
NC_003279.8	694651	694831	2	2	0	2	0	43
NC_003279.8	694663	694831	2	2	0	1	0	24
NC_003279.8	695325	696677	2	2	1	89	1	49
NC_003279.8	697009	698052	2	2	1	122	1	49
NC_003279.8	697009	698094	2	2	1	2	0	16
NC_003279.8	700787	701755	2	2	1	58	0	50
NC_003279.8	701864	702248	2	2	1	45	0	46
NC_003279.8	703986	704418	2	2	1	63	0	49
NC_003279.8	704551	706418	2	2	1	50	0	46
NC_003279.8	706665	707945	2	2	1	78	0	49
NC_003279.8	708271	710038	2	2	1	45	0	50
NC_003279.8	710266	711730	2	2	1	45	0	47
NC_003279.8	711996	713215	2	2	1	56	0	49
NC_003279.8	713649	715473	2	2	1	55	0	49
NC_003279.8	715643	715724	2	2	1	51	0	48
NC_003279.8	718239	718287	2	2	1	57	0	47
NC_003279.8	718365	718656	2	2	1	62	0	42
NC_003279.8	719438	719497	2	2	1	51	0	49
NC_003279.8	719602	719650	2	2	1	23	0	45
NC_003279.8	720254	720297	1	1	1	31	0	49
NC_003279.8	720433	720485	1	1	1	16	0	46
NC_003279.8	720600	720643	1	1	1	22	0	48
NC_003279.8	720785	720827	1	1	1	31	0	48
NC_003279.8	720940	722102	1	1	1	19	0	48
NC_003279.8	721922	722102	1	1	0	3	0	13
NC_003279.8	722202	722243	1	1	1	25	0	48
NC_003279.8	722356	724569	1	1	1	22	3	45
NC_003279.8	724767	725108	1	1	1	65	0	48
NC_003279.8	725226	725285	1	1	1	57	0	49
NC_003279.8	725393	726500	1	1	1	50	0	50
NC_003279.8	726871	730280	1	3	1	35	0	44
NC_003279.8	730533	730835	1	1	1	23	0	49
NC_003279.8	731117	731983	2	2	1	22	0	49
NC_003279.8	732133	732181	2	2	0	1	0	25
NC_003279.8	732326	733132	2	2	1	23	0	50
NC_003279.8	732326	734484	2	2	0	1	0	16
NC_003279.8	733571	734484	2	2	1	35	0	50
NC_003279.8	734564	734608	2	2	1	31	1	48
NC_003279.8	734873	734964	2	2	1	30	0	48
NC_003279.8	735074	735123	2	2	1	50	0	47
NC_003279.8	735261	735764	2	2	1	40	0	50
NC_003279.8	736027	736265	2	2	1	26	0	49
NC_003279.8	736557	736615	2	2	0	9	0	23
NC_003279.8	741008	741725	1	1	1	4	0	22
NC_003279.8	742076	742808	2	2	1	5	0	38
NC_003279.8	743169	743212	2	2	1	15	0	49
NC_003279.8	743525	745292	2	2	1	7	0	48
NC_003279.8	743525	749897	2	2	0	1	0	30
NC_003279.8	745947	746745	1	1	1	6	0	47
NC_003279.8	746910	746954	1	1	1	2	0	15
NC_003279.8	747341	748173	1	1	1	2	0	31
NC_003279.8	748593	749897	2	2	1	102	0	49
NC_003279.8	749996	750045	2	2	1	134	0	50
NC_003279.8	750168	750220	2	2	1	188	0	49
NC_003279.8	750306	750570	2	2	1	190	0	50
NC_003279.8	750846	752267	2	2	1	194	5	49
NC_003279.8	752554	753701	2	2	1	222	0	49
NC_003279.8	753843	754060	2	2	1	160	0	49
NC_003279.8	754137	754452	2	2	1	207	0	50
NC_003279.8	754590	754997	2	2	1	154	0	50
NC_003279.8	755080	756869	2	2	1	115	4	49
NC_003279.8	757243	758615	1	1	0	1	0	43
NC_003279.8	757243	758947	1	1	0	1	0	48
NC_003279.8	757443	758615	1	1	1	1	0	5
NC_003279.8	757443	758947	1	1	0	3	0	31
NC_003279.8	758893	758947	1	1	1	20	0	47
NC_003279.8	759054	759696	1	1	1	33	0	50
NC_003279.8	759798	760317	1	1	1	31	0	47
NC_003279.8	760988	761043	2	2	1	151	1	47
NC_003279.8	761368	761619	2	2	1	115	1	49
NC_003279.8	761718	761793	2	2	1	62	1	50
NC_003279.8	763825	765137	1	1	1	445	0	50
NC_003279.8	763825	766047	1	1	0	1	0	45
NC_003279.8	765275	765431	1	1	1	323	0	50
NC_003279.8	765646	766037	1	1	0	3	0	28
NC_003279.8	765646	766047	1	1	1	268	0	50
NC_003279.8	766150	766325	1	1	1	260	0	50
NC_003279.8	766446	766526	1	1	1	227	0	50
NC_003279.8	766456	766526	1	1	0	2	0	46
NC_003279.8	766642	767582	1	1	1	304	0	50
NC_003279.8	767735	768164	1	1	1	296	0	49
NC_003279.8	768225	768273	1	1	1	358	0	50
NC_003279.8	768449	768499	1	1	1	301	0	50
NC_003279.8	768629	768798	1	1	1	4	0	36
NC_003279.8	768629	770461	1	1	1	232	0	49
NC_003279.8	768629	771450	1	1	0	2	0	35
NC_003279.8	771059	771450	1	1	1	6	0	35
NC_003279.8	771567	771805	1	1	1	20	0	50
NC_003279.8	771912	771967	1	1	1	15	0	47
NC_003279.8	772155	773163	1	1	1	32	0	45
NC_003279.8	773386	773434	1	1	1	6	0	34
NC_003279.8	773547	773699	1	1	1	14	0	44
NC_003279.8	773988	774967	1	1	1	20	0	39
NC_003279.8	775065	775109	1	1	1	24	0	47
NC_003279.8	775573	776163	1	1	1	34	0	48
NC_003279.8	803475	804344	1	1	1	7	0	46
NC_003279.8	804423	804469	1	1	1	3	0	30
NC_003279.8	804896	805599	1	1	1	1	0	29
NC_003279.8	805881	810860	1	1	1	4	0	48
NC_003279.8	811084	812701	1	1	1	7	0	45
NC_003279.8	812750	819365	1	1	1	12	0	47
NC_003279.8	815943	819365	1	1	0	5	0	47
NC_003279.8	815960	819365	1	1	0	1	0	41
NC_003279.8	819423	820263	1	1	1	31	1	50
NC_003279.8	820445	823092	1	1	1	36	0	49
NC_003279.8	823271	824609	1	1	1	57	0	49
NC_003279.8	824763	827629	1	1	1	89	0	50
NC_003279.8	827843	828024	1	1	1	86	0	48
NC_003279.8	828726	829811	1	1	1	71	0	49
NC_003279.8	829927	831108	1	1	1	118	0	49
NC_003279.8	831723	831776	1	1	1	116	0	49
NC_003279.8	832821	832889	1	1	1	43	2	49
NC_003279.8	833134	833182	1	1	1	39	0	49
NC_003279.8	833273	834539	1	1	1	78	0	49
NC_003279.8	835287	837995	1	1	0	1	0	25
NC_003279.8	838109	838154	1	1	1	63	1	46
NC_003279.8	838323	838542	1	1	1	77	0	49
NC_003279.8	839128	839676	1	1	1	88	0	49
NC_003279.8	840093	840139	1	1	1	111	0	49
NC_003279.8	840761	841217	1	1	1	89	0	49
NC_003279.8	841581	841623	1	1	1	66	0	48
NC_003279.8	841977	842545	2	2	1	40	0	49
NC_003279.8	842675	842716	2	2	1	13	0	45
NC_003279.8	842862	842914	2	2	1	36	0	49
NC_003279.8	843098	843712	2	2	1	38	0	47
NC_003279.8	844013	844060	2	2	1	39	0	47
NC_003279.8	844340	845613	2	2	1	28	0	50
NC_003279.8	845762	845820	2	2	1	1	0	42
NC_003279.8	845762	845929	2	4	1	29	0	49
NC_003279.8	846000	846082	2	2	1	37	0	48
NC_003279.8	846143	846595	2	2	1	30	0	48
NC_003279.8	853488	853560	1	1	1	59	0	44
NC_003279.8	853627	853696	1	1	1	100	0	50
NC_003279.8	853770	853827	1	1	1	112	0	50
NC_003279.8	853931	853985	1	1	1	114	0	49
NC_003279.8	854105	858488	1	1	1	80	0	49
NC_003279.8	858836	861485	1	1	1	126	0	50
NC_003279.8	861920	864397	1	1	0	32	0	47
NC_003279.8	861920	864403	1	1	1	76	0	49
NC_003279.8	864820	865730	1	1	1	79	0	49
NC_003279.8	864820	865830	1	1	0	1	0	13
NC_003279.8	865935	866762	1	1	1	142	0	50
NC_003279.8	866859	868609	1	1	1	163	0	49
NC_003279.8	866859	870193	1	1	0	1	0	21
NC_003279.8	868722	870193	1	1	1	182	0	50
NC_003279.8	870325	871653	1	1	1	84	0	48
NC_003279.8	873627	874648	2	2	1	121	0	50
NC_003279.8	874743	875520	2	2	1	161	0	49
NC_003279.8	876650	877705	2	2	1	75	0	48
NC_003279.8	876650	877722	2	2	0	1	0	20
NC_003279.8	877915	878216	2	2	1	190	0	49
NC_003279.8	878319	878405	2	2	1	106	0	50
NC_003279.8	878458	879482	2	2	1	145	0	50
NC_003279.8	879537	879591	2	2	1	186	0	49
NC_003279.8	879672	881108	2	2	1	134	0	49
NC_003279.8	881202	881278	2	2	0	5	0	43
NC_003279.8	881202	882389	2	2	1	102	0	49
NC_003279.8	883165	884903	1	1	1	12	0	47
NC_003279.8	885041	886506	1	1	1	17	0	49
NC_003279.8	886708	887879	1	1	1	15	0	47
NC_003279.8	888059	888149	1	1	1	13	0	50
NC_003279.8	888347	889673	1	1	1	15	0	47
NC_003279.8	890007	890109	2	2	1	69	0	47
NC_003279.8	890180	890436	2	2	1	92	0	50
NC_003279.8	890512	891321	2	2	1	91	0	50
NC_003279.8	890512	891603	2	2	0	1	0	38
NC_003279.8	891402	891603	2	2	1	88	0	49
NC_003279.8	891402	892180	2	2	0	2	0	24
NC_003279.8	891402	892426	2	2	0	3	0	34
NC_003279.8	891703	892180	2	2	1	56	0	48
NC_003279.8	892275	892426	2	2	1	49	0	49
NC_003279.8	892507	892563	2	2	1	49	0	49
NC_003279.8	892747	894501	2	2	1	48	0	49
NC_003279.8	892747	894584	2	2	0	1	0	18
NC_003279.8	894630	894681	2	2	1	35	0	49
NC_003279.8	894855	894906	2	2	0	1	0	48
NC_003279.8	894855	894923	2	2	1	51	0	45
NC_003279.8	894861	894923	2	2	0	10	0	49
NC_003279.8	894864	894923	2	2	1	7	0	49
NC_003279.8	897356	898178	1	1	1	108	6	50
NC_003279.8	898350	900612	1	1	1	139	0	50
NC_003279.8	900801	903102	1	1	1	153	0	48
NC_003279.8	903191	903252	1	1	1	155	0	49
NC_003279.8	903330	903381	1	1	1	108	0	49
NC_003279.8	903512	904610	1	1	1	88	0	43
NC_003279.8	904664	905733	1	1	0	1	0	39
NC_003279.8	904845	905733	1	1	1	152	0	48
NC_003279.8	907560	909241	1	1	1	95	0	47
NC_003279.8	909421	909679	1	1	1	78	0	46
NC_003279.8	909841	909890	1	1	1	108	0	50
NC_003279.8	910134	910940	1	1	1	70	0	48
NC_003279.8	910225	910940	1	1	0	5	0	39
NC_003279.8	910398	910940	1	1	0	3	0	36
NC_003279.8	910985	911031	1	1	0	2	0	33
NC_003279.8	912574	912624	2	2	1	9	0	41
NC_003279.8	912827	914001	2	2	1	9	0	48
NC_003279.8	914111	914163	2	2	1	7	0	49
NC_003279.8	914350	914407	2	2	1	8	0	42
NC_003279.8	914819	915979	2	2	1	12	0	49
NC_003279.8	916080	916170	2	2	1	5	0	35
NC_003279.8	916407	917210	2	2	1	7	0	39
NC_003279.8	917414	918778	2	2	1	6	0	41
NC_003279.8	918996	919092	2	2	1	3	0	46
NC_003279.8	918996	926811	2	2	1	5	0	43
NC_003279.8	919148	919208	2	2	0	1	0	21
NC_003279.8	938676	940220	1	1	1	434	1	49
NC_003279.8	940308	940437	1	1	0	1	0	28
NC_003279.8	940308	940511	1	1	1	304	0	49
NC_003279.8	940465	940511	1	1	0	3	0	33
NC_003279.8	940584	941231	1	1	1	424	0	49
NC_003279.8	941362	943665	1	1	1	58	0	48
NC_003279.8	941362	943680	1	1	0	1	0	26
NC_003279.8	943974	944026	1	1	1	61	0	49
NC_003279.8	944183	944229	1	1	1	59	0	48
NC_003279.8	944343	945229	1	1	1	94	0	50
NC_003279.8	944354	945229	1	1	0	1	0	24
NC_003279.8	945464	945511	1	1	1	99	1	50
NC_003279.8	945579	945630	1	1	1	106	0	50
NC_003279.8	945835	945886	1	1	1	153	0	49
NC_003279.8	946014	946219	1	1	1	98	0	49
NC_003279.8	946349	946397	1	1	1	84	0	50
NC_003279.8	946609	947156	1	1	1	127	0	49
NC_003279.8	947267	947316	1	1	1	113	0	50
NC_003279.8	948792	949045	2	2	1	34	0	49
NC_003279.8	949501	949773	2	2	1	60	0	48
NC_003279.8	949501	950846	2	2	0	1	0	48
NC_003279.8	949951	950846	2	2	1	51	0	48
NC_003279.8	949973	950846	2	2	0	1	0	48
NC_003279.8	950956	951018	2	2	1	34	0	49
NC_003279.8	950968	951018	2	2	1	21	0	49
NC_003279.8	951111	951174	2	2	1	54	0	48
NC_003279.8	951316	952676	2	2	1	54	0	49
NC_003279.8	952890	952950	2	2	1	55	0	48
NC_003279.8	953093	953153	2	2	0	1	0	49
NC_003279.8	953093	957191	2	2	1	47	0	49
NC_003279.8	953501	957191	2	2	0	1	0	22
